4294967294,0
4294967279,312
4294967279,310
4294967278,317
4294967278,316
4294967279,286
4294967279,309
4294967278,313
4294967279,259
4294967278,383
4294967279,305
4294967278,312
4294967279,303
4294967278,382
4294967278,381
4294967279,575
4294967294,5
4294967279,302
4294967278,181
4294967279,574
4294967278,380
4294967278,0
4294967279,300
4294967278,307
4294967279,299
4294967294,92
4294967294,88
4294967279,573
4294967279,168
4294967279,167
4294967279,163
4294967278,303
4294967279,294
4294967278,301
4294967279,292
4294967279,158
4294967278,299
4294967278,298
4294967279,290
4294967279,0
4294967294,7
4294967278,151
4294967294,93
4294967294,95
4294967294,920
4294967294,27
4294967294,898
4294967294,82
4294967294,97
4294967294,50
4294967294,424
4294967294,417
4294967294,51
4294967294,52
4294967294,25
4294967294,469
4294967294,946
4294967294,26
4294967294,12
4294967294,30
4294967294,942
4294967294,941
4294967294,939
4294967294,938
4294967294,933
4294967294,922
4294967294,436
4294967294,318
4294967294,317
4294967294,316
4294967294,315
4294967294,60
4294967294,81
4294967294,970
4294967294,67
4294967294,11
4294967294,18
4294967294,127
4294967294,14
4294967294,126
4294967294,20
4294967294,13
4294967294,68
4294967278,132
4294967278,131
4294967278,130
4294967278,129
4294967278,128
4294967278,127
4294967278,126
4294967278,125
4294967278,124
4294967278,123
4294967278,252
4294967278,122
4294967278,121
4294967278,249
4294967278,120
4294967278,119
4294967278,118
4294967278,243
4294967278,117
4294967278,116
4294967278,115
4294967278,114
4294967278,113
4294967278,112
4294967278,111
4294967278,110
4294967278,109
4294967278,108
4294967278,107
4294967278,106
4294967278,105
4294967278,104
4294967278,103
4294967278,102
4294967278,101
4294967278,100
4294967278,99
4294967278,98
4294967278,97
4294967278,96
4294967278,95
4294967278,94
4294967278,93
4294967278,92
4294967278,91
4294967278,90
4294967278,89
4294967278,87
4294967278,86
4294967278,85
4294967278,84
4294967278,83
4294967278,82
4294967278,81
4294967278,80
4294967278,79
4294967278,78
4294967278,77
4294967278,76
4294967278,75
4294967278,74
4294967278,73
4294967278,72
4294967278,71
4294967278,70
4294967278,69
4294967278,68
4294967278,67
4294967278,66
4294967278,65
4294967278,64
4294967278,63
4294967278,62
4294967278,61
4294967278,60
4294967278,59
4294967278,58
4294967278,57
4294967278,56
4294967278,55
4294967278,54
4294967278,53
4294967278,52
4294967278,51
4294967278,50
4294967278,49
4294967278,48
4294967278,47
4294967278,46
4294967278,45
4294967278,44
4294967278,43
4294967278,42
4294967278,41
4294967278,40
4294967278,39
4294967278,38
4294967278,322
4294967278,334
4294967278,333
4294967279,260
4294967279,523
4294967279,11
4294967279,10
4294967279,9
4294967279,8
4294967279,7
4294967279,6
4294967279,5
4294967279,4
4294967278,294
4294967279,144
4294967279,143
4294967278,293
4294967278,142
4294967279,572
4294967278,291
4294967279,138
4294967279,271
4294967278,276
4294967279,270
4294967278,288
4294967279,282
4294967278,287
4294967279,279
4294967278,274
4294967279,280
4294967278,273
4294967279,277
4294967278,270
4294967279,265
4294967278,269
4294967279,571
4294967279,14
4294967278,332
4294967279,263
4294967279,262
4294967278,281
4294967278,285
4294967279,520
4294967279,518
4294967278,329
4294967279,517
4294967278,328
4294967279,519
4294967278,379
4294967279,252
4294967278,327
4294967279,514
4294967279,513
4294967278,324
4294967279,512
4294967279,318
4294967279,317
59,7
4294967278,247
4294967279,243
4294967279,241
4294967278,239
59,6
0,5
4294967294,437
59,5
59,4
59,3
59,2
59,1
4294967278,378
4294967294,6
4294967279,226
4294967294,973
4294967278,220
4294967279,220
4294967279,314
4294967279,210
4294967294,1415
4294967294,414
4294967294,108
4294967278,377
4294967279,570
4294967279,569
4294967279,200
56,6
56,5
56,4
56,3
56,2
56,1
4294967278,315
4294967279,568
4294967278,376
4294967279,195
4294967279,306
4294967278,314
4294967279,194
4294967279,193
4294967278,375
4294967278,374
4294967294,965
4294967278,310
4294967279,181
4294967279,301
4294967278,309
4294967279,180
4294967279,179
4294967278,373
53,5
53,4
53,3
53,2
53,1
4294967278,372
4294967279,166
4294967278,166
51,6
4294967279,165
4294967279,567
4294967278,305
4294967279,164
51,5
4294967279,162
51,4
4294967279,161
51,3
51,2
51,1
4294967279,293
4294967279,160
4294967279,157
4294967278,300
4294967279,291
50,5
4294967279,155
4294967279,154
50,4
50,3
50,2
50,1
4294967279,153
4294967279,566
4294967278,297
4294967279,151
4294967279,150
4294967279,289
4294967278,296
4294967278,295
4294967279,149
49,5
4294967279,147
4294967278,147
49,4
4294967279,146
49,3
49,2
49,1
4294967279,145
4294967294,470
4294967279,142
4294967278,143
48,5
4294967279,141
4294967279,140
48,4
48,3
48,2
48,1
4294967279,139
4294967278,277
4294967279,136
4294967278,136
47,4
4294967279,135
47,3
47,2
47,1
4294967278,135
4294967279,134
4294967278,289
4294967279,283
4294967279,565
4294967294,1413
4294967294,182
4294967294,905
4294967278,286
4294967294,1414
4294967294,83
4294967294,1417
4294967294,1416
4294967294,471
4294967293,131
4294967293,130
4294967293,129
4294967293,128
4294967293,127
4294967293,126
4294967293,125
4294967293,124
4294967293,123
4294967293,122
4294967293,121
4294967293,120
4294967293,119
4294967293,118
4294967293,117
4294967293,116
4294967293,115
4294967293,114
4294967293,113
4294967293,112
4294967293,111
4294967293,110
4294967293,109
4294967293,108
4294967293,107
4294967293,106
4294967293,105
4294967293,104
4294967293,103
4294967293,102
4294967293,101
4294967293,100
4294967293,99
4294967293,98
4294967293,97
4294967293,96
4294967293,95
